1,5,69,10,255,1. Evergreen Needleleaf Forest
2,8,106,16,255,2. Evergreen Broadleaf Forest
3,84,167,8,255,3. Deciduous Needleleaf Forest
4,120,210,3,255,4. Deciduous Broadleaf Forest
5,0,153,0,255,5. Mixed Forests
6,198,176,68,255,6. Closed shrublands
7,220,209,89,255,7. Open shrublands
8,218,222,72,255,8. Woody savanna
9,251,255,19,255,9. Savanna
10,182,255,5,255,10. Grasslands
11,39,255,135,255,11. Permanent wetlands
12,194,79,68,255,12. Croplands
13,165,165,165,255,13. Urban and built-up land
14,255,109,76,255,14. Cropland/Natural Vegetation Mosaic
15,105,255,248,255,15. Snow and Ice
16,249,255,164,255,16.  Barren or Sparsely Vegetated
17,28,13,255,255,17. Water(like oceans)
18,217,19,58,255,18. Wooded Tundra
19,247,128,79,255,19. Mixed Tundra
20,232,150,125,255,20. Barren Tundra
21,4,0,222,255,21. Lake
22,255,16,240,255,22. Unclassified
23,255,255,255,255,23.
24,255,255,255,255,24.
25,255,255,255,255,25.
26,255,255,255,255,26.
27,255,255,255,255,27.
28,255,255,255,255,28.
29,255,255,255,255,29.
30,255,255,255,255,30.
31,255,255,255,255,31.
32,255,255,255,255,32.
33,255,255,255,255,33.
34,255,255,255,255,34.
35,255,255,255,255,35.
36,255,255,255,255,36.
37,255,255,255,255,37.
38,255,255,255,255,38.
39,255,255,255,255,39.
40,255,255,255,255,40.
41,255,255,255,255,41.
42,255,255,255,255,42.
43,255,255,255,255,43.
44,255,255,255,255,44.
45,255,255,255,255,45.
46,255,255,255,255,46.
47,255,255,255,255,47.
48,255,255,255,255,48.
49,255,255,255,255,49.
50,255,255,255,255,50.
51,140,0,0,255,51. Compact High-Rise (LCZ 1)
52,209,0,0,255,52. Compact Mid-Rise (LCZ 2)
53,255,0,0,255,53. Compact Low-Rise (LCZ 3)
54,191,77,0,255,54. Open High-Rise (LCZ 4)
55,255,102,0,255,55. Open Mid-Rise (LCZ 5)
56,255,153,85,255,56. Open Low-Rise (LCZ 6)
57,250,238,5,255,57. Lightweight low-rise (LCZ 7)
58,188,188,188,255,58. Large low-rise (LCZ 8)
59,255,204,170,255,59. Sparsely built (LCZ 9)
60,85,85,85,255,60. Heavy industry (LCZ 10)
61,0,0,0,255,61. Bare rock or paved (LCZ E)
